                                    [0m
                                    [0m
           [38;2;70;78;90m█[38;2;70;78;90m█[38;2;70;78;90m█[38;2;100;108;120m█[38;2;100;108;120m█[38;2;100;108;120m█[38;2;100;108;120m█[38;2;100;108;120m█[38;2;100;108;120m█[38;2;100;108;120m█[38;2;100;108;120m█[38;2;70;78;90m█[38;2;70;78;90m█[38;2;70;78;90m█           [0m
         [38;2;60;65;75m█[38;2;60;65;75m█[38;2;70;78;90m█[38;2;180;185;195m█[38;2;200;220;240m█[38;2;80;140;180m█[38;2;180;185;195m█[38;2;70;78;90m█[38;2;70;78;90m█[38;2;70;78;90m█[38;2;180;185;195m█[38;2;200;220;240m█[38;2;80;140;180m█[38;2;180;185;195m█[38;2;70;78;90m█[38;2;70;78;90m█[38;2;60;65;75m█[38;2;60;65;75m█         [0m
          [38;2;88;166;255m█[38;2;88;166;255m█[38;2;88;166;255m█[38;2;88;166;255m█[38;2;88;166;255m█[38;2;88;166;255m█[38;2;88;166;255m█[38;2;88;166;255m█[38;2;88;166;255m█[38;2;88;166;255m█[38;2;88;166;255m█[38;2;88;166;255m█[38;2;88;166;255m█[38;2;88;166;255m█[38;2;88;166;255m█[38;2;88;166;255m█          [0m
         [38;2;88;166;255m█[38;2;88;166;255m█[38;2;255;255;255m█[38;2;255;255;255m█[38;2;30;30;30m█[38;2;30;30;30m█[38;2;255;255;255m█[38;2;88;166;255m█[38;2;88;166;255m█[38;2;88;166;255m█[38;2;88;166;255m█[38;2;255;255;255m█[38;2;30;30;30m█[38;2;30;30;30m█[38;2;255;255;255m█[38;2;255;255;255m█[38;2;88;166;255m█[38;2;88;166;255m█         [0m
         [38;2;88;166;255m█[38;2;88;166;255m█[38;2;88;166;255m█[38;2;88;166;255m█[38;2;88;166;255m█[38;2;88;166;255m█[38;2;88;166;255m█[38;2;88;166;255m█[38;2;88;166;255m█[38;2;88;166;255m█[38;2;88;166;255m█[38;2;88;166;255m█[38;2;88;166;255m█[38;2;55;120;210m█[38;2;55;120;210m█[38;2;55;120;210m█[38;2;55;120;210m█[38;2;55;120;210m█         [0m
         [38;2;88;166;255m█[38;2;88;166;255m█[38;2;88;166;255m█[38;2;88;166;255m█[38;2;88;166;255m█[38;2;88;166;255m█[38;2;88;166;255m█[38;2;88;166;255m█[38;2;88;166;255m█[38;2;88;166;255m█[38;2;88;166;255m█[38;2;88;166;255m█[38;2;88;166;255m█[38;2;55;120;210m█[38;2;55;120;210m█[38;2;55;120;210m█[38;2;55;120;210m█[38;2;55;120;210m█         [0m
             [38;2;100;180;255m█[38;2;100;180;255m█[38;2;100;180;255m█[38;2;100;180;255m█[38;2;100;180;255m█[38;2;100;180;255m█[38;2;100;180;255m█[38;2;100;180;255m█[38;2;100;180;255m█[38;2;100;180;255m█[38;2;100;180;255m█[38;2;100;180;255m█           [0m
         [38;2;100;180;255m█   [38;2;100;180;255m█  [38;2;100;180;255m█  [38;2;100;180;255m█   [38;2;100;180;255m█  [38;2;100;180;255m█         [0m
                                    [0m
                                    [0m
